start_date <- '2022-01-01'
length <- 50
base_incidence <- 10

